| title   |   [unnamed data series #0] |
| 0       |                  84.5572   |
| 0.02    |                  78.5876   |
| 0.04    |                  70.3355   |
| 0.1     |                  55.0605   |
| 0.2     |                  36.4495   |
| 0.4     |                  26.2661   |
| 0.8     |                   6.77721  |
| 1.6     |                   2.21225  |
| 3.2     |                   9.93757  |
| 6.4     |                   0.280921 |
| No
score         |                   1.50995  |