| Category   |         X |         Y |
| 140 C      | 44443.9   | 34758.3   |
| 140 C      | 47050.2   | 34409.9   |
| 140 C      | 49459     | 33582.5   |
| 140 C      | 52016.5   | 32934.6   |
| 140 C      | 54211.2   | 32121.7   |
| 140 C      | 56337.4   | 31250.7   |
| 140 C      | 58257.9   | 30205.6   |
| 140 C      | 59972.6   | 29210.7   |
| 140 C      | 61618.7   | 28173.3   |
| 140 C      | 63059     | 27186.2   |
| 140 C      | 64293.6   | 26141     |
| 140 C      | 41797     | 35199.2   |
| 140 C      | 39017.9   | 35395.7   |
| 140 C      | 36249.7   | 35603.9   |
| 140 C      | 33429.4   | 35431.4   |
| 140 C      | 30617.3   | 35025     |
| 140 C      | 27758.1   | 34460.3   |
| 140 C      | 25198.9   | 33573.3   |
| 140 C      | 22592.6   | 32760.4   |
| 140 C      | 20155.1   | 31691.8   |
| 140 C      | 17938.3   | 30428.5   |
| 140 C      | 15802.5   | 29160.4   |
| 140 C      | 13882     | 27824.9   |
| 140 C      | 12167.4   | 26373.2   |
| 140 C      | 10589.8   | 24929.4   |
| 140 C      |  9218.11  | 23528     |
| 140 C      |  7914.95  | 22076.4   |
| 140 C      |  6817.56  | 20682.8   |
| 140 C      |  5857.34  | 19289.3   |
| 140 C      |  5034.29  | 18011.8   |
| 140 C      |  4314.13  | 16690.9   |
| 140 C      |  3731.14  | 15500.5   |
| 140 C      |  3216.74  | 14397.3   |
| 140 C      |  2702.33  | 13294     |
| 140 C      |  2256.52  | 12248.9   |
| 140 C      |  1982.17  | 11290.8   |
| 140 C      |  1673.53  | 10448.8   |
| 140 C      |  1364.88  |  9606.9   |
| 140 C      |  1193.42  |  8997.21  |
| 140 C      |   987.654 |  8242.36  |
| 140 C      |   884.774 |  7487.52  |
| 140 C      |   747.599 |  6935.9   |
| 140 C      |   679.012 |  6384.28  |
| 140 C      |   610.425 |  5832.66  |
| 140 C      |   541.838 |  5455.23  |
| 140 C      |   541.838 |  4903.61  |
| 140 C      |   438.957 |  4497.15  |
| 140 C      |   404.664 |  3916.5   |
| 140 C      |   438.957 |  3393.91  |
| 140 C      |   404.664 |  2464.87  |
| 140 C      |   370.37  |  2029.38  |
| 140 C      |   404.664 |  2929.39  |
| 140 C      |   370.37  |  1680.99  |
| 140 C      |   370.37  |  1274.53  |
| 140 C      |   404.664 |   955.174 |
| 140 C      |   370.37  |   635.815 |
| 140 C      |   370.37  |   345.488 |
| 160 C      |   301.783 |   824.527 |
| 160 C      |   438.957 |  1985.83  |
| 160 C      |   507.545 |  3031.01  |
| 160 C      |   438.957 |  4250.38  |
| 160 C      |   507.545 |  5237.49  |
| 160 C      |   507.545 |  5876.2   |
| 160 C      |   507.545 |  6340.73  |
| 160 C      |   644.719 |  7095.58  |
| 160 C      |   781.893 |  8314.95  |
| 160 C      |  1056.24  |  8837.53  |
| 160 C      |  1399.18  |  9418.19  |
| 160 C      |  1604.94  |  9940.77  |
| 160 C      |  1810.7   | 10753.7   |
| 160 C      |  2359.4   | 11740.8   |
| 160 C      |  2702.33  | 12553.7   |
| 160 C      |  3045.27  | 13657     |
| 160 C      |  4142.66  | 14586     |
| 160 C      |  4897.12  | 15573.1   |
| 160 C      |  5788.75  | 16560.2   |
| 160 C      |  6680.38  | 17663.5   |
| 160 C      |  7983.54  | 18592.5   |
| 160 C      |  9375.45  | 19811.9   |
| 160 C      | 10763.2   | 20828     |
| 160 C      | 12253.8   | 21815.5   |
| 160 C      | 13890.3   | 22683.5   |
| 160 C      | 15581.9   | 23493.5   |
| 160 C      | 17365.1   | 24306.4   |
| 160 C      | 19277.5   | 25024.6   |
| 160 C      | 21314.6   | 25404.9   |
| 160 C      | 23389     | 25695.8   |
| 160 C      | 25445.4   | 25809.9   |
| 160 C      | 27499.4   | 25718.8   |
| 160 C      | 29550     | 25509.4   |
| 160 C      | 31603.3   | 25225.4   |
| 160 C      | 33521.5   | 24842     |
| 160 C      | 35311.3   | 24348.1   |
| 160 C      | 37107.7   | 23843.8   |
| 160 C      | 38897.6   | 23081.8   |
| 160 C      | 49615.9   | 15911.8   |
| 160 C      | 48838.6   | 16453.8   |
| 160 C      | 48015.5   | 17150.5   |
| 160 C      | 47421.1   | 17769.9   |
| 160 C      | 46415.2   | 18466.7   |
| 160 C      | 45180.6   | 19086.1   |
| 160 C      | 43991.8   | 19976.4   |
| 160 C      | 42802.9   | 20711.9   |
| 160 C      | 41797     | 21563.5   |
| 160 C      | 40425.2   | 22415.1   |
| 180 C      |   438.957 |   894.205 |
| 180 C      |   493.827 |  1730.34  |
| 180 C      |   438.957 |  2566.48  |
| 180 C      |   493.827 |  3309.72  |
| 180 C      |   603.567 |  4099.41  |
| 180 C      |   823.045 |  5074.9   |
| 180 C      |   987.654 |  6096.85  |
| 180 C      |  1316.87  |  6979.44  |
| 180 C      |  1591.22  |  7908.49  |
| 180 C      |  1865.57  |  8698.18  |
| 180 C      |  2194.79  |  9394.96  |
| 180 C      |  2414.27  | 10091.7   |
| 180 C      |  2853.22  | 10974.3   |
| 180 C      |  3731.14  | 11996.3   |
| 180 C      |  4224.97  | 12553.7   |
| 180 C      |  4883.4   | 13296.9   |
| 180 C      |  5871.06  | 14086.6   |
| 180 C      |  6748.97  | 14922.8   |
| 180 C      |  7681.76  | 15758.9   |
| 180 C      |  8998.63  | 16548.6   |
| 180 C      | 10150.9   | 17152.5   |
| 180 C      | 11632.4   | 17756.4   |
| 180 C      | 13059     | 18476.4   |
| 180 C      | 14489.7   | 18922.2   |
| 180 C      | 16076.8   | 19463.5   |
| 180 C      | 17635.2   | 19697.5   |
| 180 C      | 19231.8   | 19695.7   |
| 180 C      | 20815.6   | 19701     |
| 180 C      | 22442.8   | 19463.5   |
| 180 C      | 23970.6   | 19352.6   |
| 180 C      | 25541.8   | 19115.1   |
| 180 C      | 26886.1   | 18592.5   |
| 180 C      | 28257.9   | 17988.6   |
| 180 C      | 29519.9   | 17477.6   |
| 180 C      | 30781.9   | 16873.8   |
| 180 C      | 31714.7   | 16177     |
| 180 C      | 32702.3   | 15619.6   |
| 180 C      | 33635.1   | 15108.6   |
| 180 C      | 34622.8   | 14504.7   |
| 180 C      | 35336.1   | 13947.3   |
| 180 C      | 35994.5   | 13204     |
| 180 C      | 36762.7   | 12739.5   |
| 180 C      | 37476     | 12228.5   |
| 180 C      | 38024.7   | 11624.7   |
| 180 C      | 38738     | 11253     |
| 180 C      | 39012.3   | 10881.4   |
| 180 C      | 39341.6   | 10277.6   |
| 200 C      |   438.957 |   664.847 |
| 200 C      |   507.545 |  1071.3   |
| 200 C      |   576.132 |  1710.02  |
| 200 C      |   644.719 |  2377.77  |
| 200 C      |   644.719 |  3016.49  |
| 200 C      |   713.306 |  3626.18  |
| 200 C      |   884.774 |  4381.02  |
| 200 C      |  1227.71  |  5281.04  |
| 200 C      |  1604.94  |  6064.92  |
| 200 C      |  1844.99  |  6732.67  |
| 200 C      |  2256.52  |  7342.35  |
| 200 C      |  2599.45  |  7806.87  |
| 200 C      |  2702.33  |  8097.2   |
| 200 C      |  2976.68  |  8445.59  |
| 200 C      |  3251.03  |  8706.89  |
| 200 C      |  3696.84  |  9200.44  |
| 200 C      |  4279.84  |  9781.09  |
| 200 C      |  5000     | 10361.7   |
| 200 C      |  5651.58  | 10855.3   |
| 200 C      |  6543.21  | 11348.9   |
| 200 C      |  7503.43  | 11726.3   |
| 200 C      |  8395.06  | 12103.7   |
| 200 C      |  9423.87  | 12423.1   |
| 200 C      | 10487     | 12655.3   |
| 200 C      | 11412.9   | 12858.6   |
| 200 C      | 12476     | 12829.5   |
| 200 C      | 13539.1   | 12800.5   |
| 200 C      | 14499.3   | 12597.3   |
| 200 C      | 15562.4   | 12248.9   |
| 200 C      | 16419.8   | 12248.9   |
| 200 C      | 17311.4   | 11871.4   |
| 200 C      | 18168.7   | 11494     |
| 200 C      | 18991.8   | 11116.6   |
| 200 C      | 19814.8   | 10681.1   |
| 200 C      | 20226.3   | 10419.8   |
| 200 C      | 20706.4   | 10158.5   |
| 200 C      | 21255.1   |  9897.22  |
| 200 C      | 21735.3   |  9577.87  |
| 200 C      | 22215.4   |  9026.25  |
| 200 C      | 22558.3   |  8706.89  |
| 200 C      | 22935.5   |  8184.3   |
| 200 C      | 23415.6   |  7719.78  |
| 200 C      | 23690     |  7313.32  |
| 200 C      | 24067.2   |  6964.93  |
| 200 C      | 24650.2   |  6674.6   |
| 200 C      | 25096     |  6384.28  |
| 200 C      | 25507.5   |  5803.62  |
| 200 C      | 26090.5   |  5339.1   |
| 200 C      | 26570.6   |  5019.74  |
| 200 C      | 27153.6   |  4787.48  |
| 200 C      | 27873.8   |  4322.96  |
| 200 C      | 28559.7   |  4003.6   |
| 200 C      | 29074.1   |  3800.37  |
| 200 C      | 29657.1   |  3481.01  |
| 200 C      | 30137.2   |  3335.85  |
| 220 C      |   541.838 |   868.076 |
| 220 C      |   541.838 |  1187.43  |
| 220 C      |   713.306 |  1855.19  |
| 220 C      |  1056.24  |  2406.81  |
| 220 C      |  1262     |  2755.2   |
| 220 C      |  1639.23  |  3219.72  |
| 220 C      |  1982.17  |  3539.08  |
| 220 C      |  2256.52  |  3858.44  |
| 220 C      |  2565.16  |  4177.8   |
| 220 C      |  3251.03  |  4410.06  |
| 220 C      |  3765.43  |  4613.29  |
| 220 C      |  4245.54  |  4613.29  |
| 220 C      |  4897.12  |  4642.32  |
| 220 C      |  5377.23  |  4613.29  |
| 220 C      |  5925.93  |  4468.12  |
| 220 C      |  6440.33  |  4322.96  |
| 220 C      |  6748.97  |  4148.76  |
| 220 C      |  7023.32  |  3887.47  |
| 220 C      |  7469.14  |  3539.08  |
| 220 C      |  7777.78  |  3306.82  |
| 220 C      |  8086.42  |  3074.56  |
| 220 C      |  8292.18  |  2813.26  |
| 220 C      |  8429.36  |  2581     |
| 220 C      |  8806.58  |  2435.84  |
| 220 C      |  9046.64  |  2145.51  |